
temp_change.dat
01000000000001000000011100100000000000001000001000110100000000011111010100000000000000000110000000000110000000000000000100000001000000000110000001110000
01000000000001000000011100100000000000001000001001110100000000011111010100000000000000000110000000000110000000000000000000000001000000000110000000001001
01000000000001000000011100100000000000001000001001110100000000011111010100000000000000000110000000000110000000000000000100000001000000000110000000001000
01000000000001000000011100100000000000001000001000001100000000011111010100000000000000000110000000000110000000000000000000000001000000000110000001001001
01000000000001000000011100100000000000001000001000001100000000011111010100000000000000000110000000000110000000000000000100000001000000000110000001001000
01000000000001000000011100100000000000001000001001001100000000011111010100000000000000000110000000000110000000000000000000000001000000000110000000101001
01000000000001000000011100100000000000001000001001001100000000011111010100000000000000000110000000000110000000000000000100000001000000000110000000101000
01000000000001000000011100100000000000001000001000101100000000011111010100000000000000000110000000000110000000000000000000000001000000000110000001101001
01000000000001000000011100100000000000001000001000101100000000011111010100000000000000000110000000000110000000000000000100000001000000000110000001101000
01000000000001000000011100100000000000001000001001101100000000011111010100000000000000000110000000000110000000000000000000000001000000000110000000011001
01000000000001000000011100100000000000001000001001101100000000011111010100000000000000000110000000000110000000000000000100000001000000000110000000011000
01000000000001000000011100100000000000001000001000011100000000011111010100000000000000000110000000000110000000000000000000000001000000000110000001011001
01000000000001000000011100100000000000001000001000011100000000011111010100000000000000000110000000000110000000000000000100000001000000000110000001011000
01000000000001000000011100100000000000001000001001011100000000011111010100000000000000000110000000000110000000000000000000000001000000000110000000111001
01000000000001000000011100100000000000001000001001011100000000011111010100000000000000000110000000000110000000000000000100000001000000000110000000111000
01000000000001000000011100100000000000001000001000111100000000011111010100000000000000000110000000000110000000000100000000000001000000000110000000000101
01000000000001000000011100100000000000001000001000111100000000011111010100000000000000000110000000000110000000000100000000000001000000000110000000000101
01000000000001000000011100100000000000001000001001011100000000011111010100000000000000000110000000000110000000000000000100000001000000000110000000111000
01000000000001000000011100100000000000001000001001011100000000011111010100000000000000000110000000000110000000000000000000000001000000000110000000111001
01000000000001000000011100100000000000001000001000011100000000011111010100000000000000000110000000000110000000000000000100000001000000000110000001011000
01000000000001000000011100100000000000001000001000011100000000011111010100000000000000000110000000000110000000000000000000000001000000000110000001011001
01000000000001000000011100100000000000001000001001101100000000011111010100000000000000000110000000000110000000000000000100000001000000000110000000011000
01000000000001000000011100100000000000001000001001101100000000011111010100000000000000000110000000000110000000000000000000000001000000000110000000011001
01000000000001000000011100100000000000001000001000101100000000011111010100000000000000000110000000000110000000000000000100000001000000000110000001101000
01000000000001000000011100100000000000001000001000101100000000011111010100000000000000000110000000000110000000000000000000000001000000000110000001101001
01000000000001000000011100100000000000001000001001001100000000011111010100000000000000000110000000000110000000000000000100000001000000000110000000101000
01000000000001000000011100100000000000001000001001001100000000011111010100000000000000000110000000000110000000000000000000000001000000000110000000101001
01000000000001000000011100100000000000001000001000001100000000011111010100000000000000000110000000000110000000000000000100000001000000000110000001001000
01000000000001000000011100100000000000001000001000001100000000011111010100000000000000000110000000000110000000000000000000000001000000000110000001001001
01000000000001000000011100100000000000001000001001110100000000011111010100000000000000000110000000000110000000000000000100000001000000000110000000001000
01000000000001000000011100100000000000001000001001110100000000011111010100000000000000000110000000000110000000000000000000000001000000000110000000001001
01000000000001000000011100100000000000001000001000110100000000011111010100000000000000000110000000000110000000000000000100000001000000000110000001110000
01000000000001000000011100100000000000001000001000110100000000011111010100000000000000000110000000000110000000000000000000000001000000000110000001110001
01000000000001000000011100100000000000001000001001010100000000011111010100000000000000000110000000000110000000000000000100000001000000000110000000110000
01000000000001000000011100100000000000001000001001010100000000011111010100000000000000000110000000000110000000000000000000000001000000000110000000110001
01000000000001000000011100100000000000001000001000010100000000011111010100000000000000000110000000000110000000000000000100000001000000000110000001010000
01000000000001000000011100100000000000001000001000010100000000011111010100000000000000000110000000000110000000000000000000000001000000000110000001010001
01000000000001000000011100100000000000001000001001100100000000011111010100000000000000000110000000000110000000000000000100000001000000000110000000010000
01000000000001000000011100100000000000001000001001100100000000011111010100000000000000000110000000000110000000000000000000000001000000000110000000010001
01000000000001000000011100100000000000001000001000100100000000011111010100000000000000000110000000000110000000000000000100000001000000000110000001100000
01000000000001000000011100100000000000001000001000100100000000011111010100000000000000000110000000000110000000000000000000000001000000000110000001100001
01000000000001000000011100100000000000001000001001000100000000011111010100000000000000000110000000000110000000000000000100000001000000000110000000100000
01000000000001000000011100100000000000001000001001000100000000011111010100000000000000000110000000000110000000000000000000000001000000000110000000100001
01000000000001000000011100100000000000001000001000000100000000011111010100000000000000000110000000000110000000000000000100000001000000000110000001000000
01000000000001000000011100100000000000001000001000000100000000011111010100000000000000000110000000000110000000000100000000000001000000000110000000100001
01000000000001000000011100100000000000001000001000000100000000011111010100000000000000000110000000000110000000000100000000000001000000000110000000100001
